77356322
77362528
77381250
77387462
77393645
77449811
77456053
77462296
77468525
77643435
77659154
77712075
77871458
77890196
77896446
77921469
78289886
78427321
78652115
78708320
78727044
79248435
79364084
79476471
79657575
80057274
80713007
80806670
81043985
81131416
81218853
81780857
81936985
82055671
82130579
82143091
82261701
83101503
83107710
83113941
83179680
83385758
84010249
84172608
85371542
85477667
85652509
85730420
85771166
85827346
85871076
85902298
86127091
86214512
86248623
86270698
86289447
86420547
86632871
86657836
87400872
87787981
87875401
87894155
87912861
87931597
88031505
88587191
88799498
89142873
89348912
89542438
90560113
90741170
91090813
91309289
91353027
91399640
91496574
91559013
91655599
91902377
91986483
92002254
92676495
92757653
92776395
93082295
93759423
94602243
94777050
95045489
95625987
95794522
96974354
97422029
97723443
98066763
98126231
98144941
98501869
98520636
98695380
98862823
99000115
99003090
99206147
99330950
99555690
99692976
100804081
100922648
101097419
101410634
101471937
101509368
101715359
101853812
101965021
102102345
102383182
102426910
102576709
102601690
102757721
102777571
102807611
102979143
103388070
103800018
103818741
104156861
104218157
104274362
104337878
104369064
104400297
104430360
104517742
104661288
104817327
104836032
104973376
105143025
105397753
105428960
105572481
105728538
105859580
106134190
106296442
106433731
106702059
106789433
107875324
107894040
108043797
108374557
109154594
109691292
110608606
110908097
111082810
111151455
111619488
111713090
111875335
112231012
112518016
112636602
112737526
113591281
113934485
114004234
114177824
114215263
114639572
115481902
116043485
117366255
117579497
117755949
117977689
118102440
118339549
118620315
118645276
118670214
118695165
118857394
119050812
119406462
119599832
120093836
120102001
120267412
120485754
120629259
121508898
122425914
122806436
123180686
123361602
123448951
123630918
123798271
124103885
125626923
125751676
125778483
126118528
126155995
126268239
126656059
126785911
127428330
128020796
128862740
128925076
129810635
130047615
130976775
131282281
131475603
131540846
131564010
131668873
131749959
131837226
132903411
132922144
133046818
133096721
133554808
133561024
133932147
134299914
134630315
134686451
135384621
135478115
135633981
135933157
136388217
136469267
136509497
136515740
136568976
136961663
137080082
137167341
137921551
138277986
138298462
138309150
138321579
138354553
139049683
139193020
139760233
140003286
140190259
140576658
140882065
141044095
141181233
141324540
141355730
141530265
141674705
141879256
141948914
142059986
142782913
142913780
143200458
143674111
143792500
143873513
144023093
144421972
144590226
144883133
145107469
145799184
146160625
146945853
147207578
147338415
147425665
148068675
148148504
148229516
148665702
148709353
148896286
149968012
150129983
150218518
150235952
150380354
150429068
150696987
151712512
152562680
152567162
152573367
153051966
153220161
153911613
154073563
154515810
154964342
154989229
156030510
156166407
157717166
157786833
158065919
158315017
158402202
158427142
158508094
158663757
158726032
158920212
159324943
159343672
159697499
159731476
159748415
160073946
160084668
160090886
160097110
160525666
161073609
161297798
162044946
162151891
162164376
162432120
162458886
162462105
162469464
162481886
163115834
164105750
164242711
164441925
164659818
164853931
165164082
165431807
165630978
166122783
166490034
166732816
167019143
167896860
167915495
167934172
168010002
168046211
168102235
168288954
168587717
168898981
169191471
169627140
169695607
169950804
170431148
170641650
170716344
170747471
171102220
171643659
172186281
172465180
172583424
172838580
172920607
173031517
173420370
173426591
173432765
173635213
174431762
175190993
175520811
176049769
176628535
177337957
178140706
178221594
178801442
178818997
179217256
179347930
179622842
179647742
179802199
180642275
180748018
181034260
181911667
181931445
182073432
182272539
182328553
182396980
182421890
182664575
183106353
183275436
183722342
183947439
183964969
184412955
184543640
184929390
185134724
185216725
185229189
185638716
186074219
187511409
187866021
187959355
188295313
188649940
189035654
189777101
189950160
189968817
190360780
191038880
191107295
191772932
191922234
192432347
192463483
192905164
193073108
194379430
194460302
194721575
194802449
194852216
195138361
195312525
195405836
195996778
196083863
196304478
196320238
196323076
196352443
196705895
197204630
197676260
197888872
197907552
198083584
198173862
198262067
198263956
199039598
199045852
199287284
199331983
199417907
199753793
199842024
199866860
199879326
200296045
200350899
200736572
201283893
201526493
201943231
202112265
202162022
202192035
202317509
202353756
202614987
202733142
202902192
202916546
202925938
202945736
202970655
203062776
203143644
203324027
203442206
204567979
204742139
205482311
206141596
206540726
206775981
206794613
207596997
208290378
208386851
208735152
209077212
209288701
209307347
209668091
209929300
210146995
211117221
211608561
213623636
214873693
214948341
215526720
215607546
215657278
215707051
215744357
215769238
215781688
215794126
215874975
215887387
215899824
215912262
217044177
217404840
217529220
217578961
217659832
217852606
217983216
218480758
218542901
218575126
218581322
218648652
219046640
219301604
219475735
219494440
219513069
219923541
220141160
220464556
220831457
221403575
221950868
222243139
222417247
222852570
223313867
224059031
224077690
224096335
224332646
224382389
224469444
224662232
225700758
226186914
227423305
227822396
228270176
228276382
228425620
228548886
228635928
229089887
229152060
229170729
229232909
229363500
229383248
229413241
229923152
229972921
230296268
230981389
231011384
231410462
231726477
231776241
231875728
231894371
231919274
231981450
232366973
232435409
233361935
233952675
233996179
234095685
234114345
234530986
234630470
234698875
235768391
236030666
236340463
236520774
237739588
238243270
238255684
238697146
238723163
238846422
239039171
239797774
239966817
240537764
241271461
241569938
242061171
242179317
242565946
242572162
242590866
242602129
242676760
242751378
242920417
243021743
243106913
243121205
243324538
243349442
243361861
243385618
243478882
244013634
244094452
244188889
244196949
244451885
244456238
244610539
244983614
245022031
245034518
245171360
245975228
246046870
246414826
246421045
246626241
246632490
246675981
246712188
246898706
246954684
247142362
247663498
247713272
247987977
248390978
249161976
249217929
249393151
249497733
250016904
250026214
250271768
250293577
250840735
251157831
251182702
251506026
252191066
252407556
252581648
253166093
253408568
253756766
255342234
255497665
256113208
256368128
256467576
256673899
257120444
257316186
257344293
257855220
258395008
258413655
258432330
258656122
258669687
258719797
258725672
258738079
258812716
259134885
259589856
259614866
260229149
260578472
260590871
261038532
261255007
261429085
261572104
261685146
262206242
263065351
263071596
263076671
263090214
263115117
263151257
264234176
264607219
264842363
264892091
265117023
265123238
265265137
265334645
265383265
265477674
265485741
265498165
265756287
266192631
266222584
266435081
266436965
266763469
266869153
267111606
267366516
267572829
267590340
267615213
267896094
268131251
269268982
269362233
269400664
269418226
269735263
269928027
270350792
270438902
270953831
271558034
271572250
271875064
271887523
271899952
272192158
272223227
272241884
272520521
272918406
273042784
273484188
273869604
274063441
274195850
274217759
274534824
274603224
275187612
276200997
276568988
277544956
277557442
277563638
277842259
278333378
278401772
