1023639302 77300087 24000307
1023844412 77505197 24000340
1023844511 77505296 24019540
1023848462 77509247 24000340
1025045271 78706056 24000337
1025048127 78708912 23981137
1025060017 78720802 24000337
1025997162 79657947 23981137
1025997226 79658011 24000337
1026509017 80169802 24000336
1027383722 81044507 23981136
1027383772 81044557 24000336
1028401577 82062362 23981136
1028401607 82062392 24000336
1031076479 84737264 24000334
1032807663 86468448 24000336
1034106949 87767734 24000334
1034460596 88121381 24000333
1035235585 88896370 24000337
1036522873 90183658 24000334
1037062367 90723152 24000333
1037493154 91153939 24000330
1037948860 91609645 24000336
1038123674 91784459 24000330
1038442061 92102846 24000336
1038535692 92196477 24000330
1039016416 92677201 24000332
1039135018 92795803 24000334
1039484638 93145423 24000336
1039971546 93632331 24000331
1040192718 93853503 24000336
1040367503 94028288 24000338
1040542278 94203063 24000331
1040704638 94365423 24000330
1040935639 94596424 24000333
1041110479 94771264 24000331
1041291438 94952223 24000334
1041528679 95189464 24000331
1041703578 95364363 24000334
1042040718 95701503 24000325
1042052744 95713529 24000333
1042371379 96032164 24000335
1042552459 96213244 24000336
1042802118 96462903 24000332
1042976898 96637683 24000336
1043313979 96974764 24000333
1043563699 97224484 24000335
1043738418 97399203 24000337
1043975598 97636383 24000332
1044319038 97979823 24000337
1044493818 98154603 24000338
1044690717 98351502 24000333
1045099158 98759943 24000336
1045441786 99102571 24049484
1045446568 99107353 24000336
1045570879 99231664 24000333
1045745654 99406439 24000337
1045932908 99593693 24000333
1046107689 99768474 24000337
1046351124 100011909 24000334
1046525899 100186684 24000332
1046869206 100529991 24000335
1047068923 100729708 24000338
1047262446 100923231 24000331
1047437216 101098001 24000338
1047611984 101272769 24000332
1047786753 101447538 24000337
1048173713 101834498 24000334
1048348491 102009276 24000337
1048541986 102202771 24000333
1048722995 102383780 24000337
1048940879 102601664 24000339
1048941441 102602226 24000338
1049128690 102789475 24000333
1049306178 102966963 24000332
1049487078 103147863 24000336
1049727871 103388656 24000332
1049977529 103638314 24000335
1050158528 103819313 24000332
1050345740 104006525 24000336
1050576682 104237467 24000332
1050770138 104430923 24000337
1051075979 104736764 24000333
1051394285 105055070 24000336
1051488463 105149248 15611728
1051488464 105149249 24000336
1051681365 105342150 24000334
1051874813 105535598 24000338
1052068316 105729101 24000341
1052249298 105910083 24000334
1052461454 106122239 24000339
1052636188 106296973 24000342
1052829685 106490470 24000334
1053041875 106702660 24000338
1053204135 106864920 24000343
1053347668 107008453 24000339
1053534883 107195668 24000334
1053709620 107370405 24000333
1053884353 107545138 24000338
1054071542 107732327 24000335
1054408520 108069305 24000338
1054714345 108375130 24000334
1054901552 108562337 24000332
1055126208 108786993 24000338
1055313420 108974205 24000339
1055556787 109217572 24000335
1055750233 109411018 24000339
1055924950 109585735 24000333
1056105909 109766694 24000332
1056480357 110141142 24000339
1056655081 110315866 24000337
1056854740 110515525 24000338
1057035691 110696476 24000339
1057360192 111020977 24000334
1057566142 111226927 24000338
1057749858 111410643 24000335
1058246310 111907095 24000337
1058751749 112412534 24000335
1058932702 112593487 24000339
1059113658 112774443 24000334
1059325792 112986577 24000333
1059513010 113173795 24000332
1059693961 113354746 24000335
1060274268 113935053 24000337
1060455215 114116000 24000333
1060642405 114303190 24000338
1060891997 114552782 24000333
1061129110 114789895 24000336
1061366216 115027001 24000333
1061572122 115232907 24000336
1061784262 115445047 24000338
1061977688 115638473 24000334
1062164874 115825659 24000337
1062445630 116106415 24000335
1062626598 116287383 24000339
1062801310 116462095 24000334
1062976015 116636800 24000333
1063156952 116817737 24000338
1063493878 117154663 24000335
1063681060 117341845 24000333
1063868212 117528997 24000338
1064073549 117734334 24000339
1064317460 117978245 24000336
1064504638 118165423 24000334
1064679333 118340118 24000332
1064885198 118545983 24000336
1064978786 118639571 24000330
1065215878 118876663 24000334
1065390561 119051346 24000338
1065652598 119313383 24000335
1065827297 119488082 24000333
1066083103 119743888 24000335
1066326412 119987197 24000337
1066582207 120242992 24000334
1066763150 120423935 24000333
1066944085 120604870 24000336
1067131237 120792022 24000333
1067312156 120972941 24000331
1067499289 121160074 24000330
1067686446 121347231 24000333
1067886102 121546887 24000336
1068123156 121783941 24000337
1068310305 121971090 24000332
1068491218 122152003 24000331
1068672121 122332906 24000337
1068890461 122551246 24000333
1069639006 123299791 24000335
1069819909 123480694 24000328
1069838618 123499403 24000332
1070025740 123686525 24000330
1070206613 123867398 24000335
1070393758 124054543 24000336
1070668230 124329015 24000333
1071036237 124697022 24000335
1071217104 124877889 24000331
1071479063 125139848 24000334
1071828363 125489148 24000332
1072071595 125732380 24000335
1072333568 125994353 24000333
1072639209 126299994 24000336
1072926094 126586879 24000333
1073163089 126823874 24000336
1073343960 127004745 24000332
1073649581 127310366 24000335
1073861633 127522418 24000332
1074061209 127721994 24000335
1074341832 128002617 24000333
1074528929 128189714 24000336
1074709812 128370597 24000331
1074896908 128557693 24000334
1075239909 128900694 24000331
1075651516 129312301 24000334
1075907203 129567988 24000331
1076206499 129867284 24000334
1076424795 130085580 24000331
1076611869 130272654 24000335
1076823894 130484679 24000336
1077042137 130702922 24000337
1077235443 130896228 24000339
1077441233 131102018 24000332
1077622064 131282849 24000337
1077880398 131541183 24000336
1078070990 131731775 24000330
1078245584 131906369 24000337
1078607248 132268033 24000336
1078781823 132442608 24000337
1078968871 132629656 24000334
1079205784 132866569 24000337
1079386602 133047387 24000333
1079573633 133234418 24000331
1079735739 133396524 24000339
1079872905 133533690 24000338
1080041236 133702021 24000337
1080197088 133857873 24000331
1080346678 134007463 24000337
1080483862 134144647 24000332
1080621008 134281793 24000337
1080832964 134493749 24000331
1080970115 134630900 24000329
1081113454 134774239 24000337
1081319211 134979996 24000331
1081450091 135110876 24000339
1081612172 135272957 24000333
1081873983 135534768 24000337
1082029824 135690609 24000332
1082166978 135827763 24000338
1082466167 136126952 24000335
1082597094 136257879 24000340
1082809003 136469788 24000336
1083288970 136949755 24000332
1083419871 137080656 24000338
1083613106 137273891 24000333
1083781396 137442181 24000337
1083949684 137610469 24000332
1084174080 137834865 24000337
1084329883 137990668 24000333
1084498167 138158952 24000337
1084629069 138289854 24000332
1084759962 138420747 24000338
1084897064 138557849 24000331
1085084031 138744816 24000336
1085214950 138875735 24000338
1085345814 139006599 24000331
1085532821 139193606 24000337
1085701099 139361884 24000332
1085850661 139511446 24000338
1086124922 139785707 24000330
1086262015 139922800 24000331
1086417838 140078623 24000337
1086573662 140234447 24000332
1086710790 140371575 24000337
1086860337 140521122 24000332
1087009922 140670707 24000339
1087147059 140807844 24000340
1087296637 140957422 24000333
1087483609 141144394 24000338
1087626931 141287716 24000333
1087847719 141508504 24000330
1087994661 141655446 24000339
1088200306 141861091 24000331
1088331206 141991991 24000338
1088462065 142122850 24000339
1088642824 142303609 24000334
1088848489 142509274 24000339
1089016759 142677544 24000334
1089178798 142839583 24000332
1089328377 142989162 24000336
1089527798 143188583 24000338
1089658660 143319445 24000332
1089814434 143475219 24000338
1089988938 143649723 24000333
1090013890 143674675 24000334
1090263178 143923963 24000338
1090450135 144110920 24000334
1090761743 144422528 24000337
1090930010 144590795 24000332
1091060863 144721648 24000338
1091310145 144970930 24000334
1091447260 145108045 24000340
1091603047 145263832 24000334
1091771303 145432088 24000331
1091908394 145569179 24000337
1092089097 145749882 24000333
1092463028 146123813 24000338
1092631293 146292078 24000332
1092768363 146429148 24000337
1092911717 146572502 24000332
1093092421 146753206 24000336
1093541107 147201892 24000332
1093678202 147338987 24000338
1093840232 147501017 24000332
1093989789 147650574 24000338
1094133096 147793881 24000332
1094270196 147930981 24000338
1094407293 148068078 24000331
1094569311 148230096 24000337
1094700147 148360932 24000339
1094887083 148547868 24000335
1094924485 148585270 24000336
1095086498 148747283 24000334
1095236050 148896835 24000339
1095366890 149027675 24000332
1095516445 149177230 24000338
1095697145 149357930 24000334
1095827999 149488784 24000330
1095965059 149625844 24000338
1096127079 149787864 24000339
1096426163 150086948 24000332
1096575674 150236459 24000331
1096868533 150529318 24000336
1097161341 150822126 24000331
1097304664 150965449 24000337
1097597494 151258279 24000332
1097753224 151414009 24000339
1097890321 151551106 24000332
1098114620 151775405 24000336
1098270349 151931134 24000331
1098432318 152093103 24000336
1098569411 152230196 24000330
1098725152 152385937 24000336
1098930711 152591496 24000339
1099086472 152747257 24000332
1099223531 152884316 24000331
1099497639 153158424 24000328
1099634696 153295481 24000337
1099672058 153332843 24000334
1099840254 153501039 24000337
1099977315 153638100 24000338
1100126793 153787578 24000332
1100276286 153937071 24000337
1100556617 154217402 24000333
1100706086 154366871 24000337
1100855611 154516396 24000332
1101030008 154690793 24000337
1101160833 154821618 24000330
1101397518 155058303 24000335
1101740103 155400888 24000331
1101889555 155550340 24000336
1102051498 155712283 24000331
1102070196 155730981 24000332
1102225888 155886673 24000336
1102394054 156054839 24000332
1102531113 156191898 24000337
1102717950 156378735 24000332
1102904774 156565559 24000337
1103035596 156696381 24000332
1103178841 156839626 24000337
1103322059 156982844 24000331
1103548998 157209783 24000334
1103726887 157387672 24000336
1103932399 157593184 24000332
1104256210 157916995 24000336
1104517775 158178560 24000332
1104673451 158334236 24000337
1104866534 158527319 24000332
1105028430 158689215 24000331
1105242739 158903524 24000336
1105395857 159056642 24000330
1105644939 159305724 24000335
1105775683 159436468 24000329
1105993657 159654442 24000333
1106217837 159878622 24000329
1106354807 160015592 24000334
1106772027 160432812 24000339
1106909031 160569816 24000334
1107045985 160706770 24000331
1107176781 160837566 24000337
1107488112 161148897 24000331
1107696258 161357043 24000336
1107843024 161503809 24000331
1108036037 161696822 24000336
1108179250 161840035 24000326
1108309971 161970756 24000327
1108490555 162151340 24000333
1108639968 162300753 24000327
1108776976 162437761 24000335
1108920175 162580960 24000338
1109100740 162761525 24000332
1109237675 162898460 24000338
1109418243 163079028 24000333
1109642397 163303182 24000336
1109804273 163465058 24000331
1109972370 163633155 24000335
1110339663 164000448 24000332
1110470426 164131211 24000329
1110607392 164268177 24000335
1110756774 164417559 24000330
1110912436 164573221 24000338
1111061864 164722649 24000336
1111254834 164915619 24000333
1111391815 165052600 24000330
1111628378 165289163 24000337
1111939614 165600399 24000333
1112338045 165998830 24000338
1112549696 166210481 24000333
1112873369 166534154 24000338
1113072605 166733390 24000332
1113246899 166907684 24000337
1113433642 167094427 24000332
1113570584 167231369 24000338
1113769774 167430559 24000333
1113919159 167579944 24000338
1114062300 167723085 24000331
1114205480 167866265 24000329
1114338919 167999704 24000337
1114473106 168133891 24000341
1114603840 168264625 24000340
1114734528 168395313 24000334
1114877703 168538488 24000330
1115139115 168799900 24000335
1115730413 169391198 24000331
1115867355 169528140 24000336
1116246987 169907772 24000332
1116539531 170200316 24000338
1116931612 170592397 24000333
1117087203 170747988 24000339
1117242819 170903604 24000330
1117417076 171077861 24000337
1117578906 171239691 24000332
1117753164 171413949 24000336
1117896319 171557104 24000331
1117933631 171594416 24000333
1118232392 171893177 24000337
1118412877 172073662 24000332
1118618227 172279012 24000338
1118755169 172415954 24000340
1118904535 172565320 24000334
1119066350 172727135 24000341
1119234386 172895171 24000333
1119243318 172904103 24000334
1119421080 173081865 24000332
1119645117 173305902 24000339
1119778399 173439184 24000330
1120043394 173704179 24000339
1120211427 173872212 24000332
1120398127 174058912 24000337
1120566156 174226941 24000329
1120802641 174463426 24000337
1120952016 174612801 24000339
1121095156 174755941 24000333
1121337857 174998642 24000337
1121530771 175191556 24000332
1121692579 175353364 24000336
1121841923 175502708 24000330
1121860603 175521388 24000332
1122016176 175676961 24000341
1122165494 175826279 24000334
1122296218 175957003 24000338
1122426881 176087666 24000331
1122588672 176249457 24000339
1122719384 176380169 24000333
1122899852 176560637 24000338
1123105203 176765988 24000333
1123366583 177027368 24000336
1123503462 177164247 24000331
1123634170 177294955 24000338
1123814631 177475416 24000333
1123982650 177643435 24000329
1124225347 177886132 24000336
1124368455 178029240 24000337
1124648497 178309282 24000333
1124810294 178471079 24000337
1124953390 178614175 24000329
1125140102 178800887 24000340
1125283204 178943989 24000341
1125413900 179074685 24000333
1125644145 179304930 24000339
1125793456 179454241 24000332
1125961470 179622255 24000338
1126104626 179765411 24000335
1126247755 179908540 24000332
1126378397 180039182 24000328
1126521547 180182332 24000338
1126714426 180375211 24000339
1126851343 180512128 24000334
1127168698 180829483 24000337
1127318011 180978796 24000332
1127492251 181153036 24000337
1127635378 181296163 24000332
1127772287 181433072 24000337
1127946515 181607300 24000332
1128326049 181986834 24000336
1128462978 182123763 24000330
1128612319 182273104 24000328
1128802169 182462954 24000334
1128898542 182559327 24000337
1129097636 182758421 24000332
1129327875 182988660 24000337
1129470993 183131778 24000331
1129806993 183467778 24000326
1129981216 183642001 24000334
1130217664 183878449 24000335
1130429184 184089969 24000337
1130566093 184226878 24000336
1130702949 184363734 24000330
1130846076 184506861 24000337
1131082520 184743305 24000331
1131244286 184905071 24000338
1131387386 185048171 24000332
1131518050 185178835 24000337
1131667371 185328156 24000333
1131804245 185465030 24000331
1131941130 185601915 24000337
1132078020 185738805 24000331
1132413998 186074783 24000335
1132606862 186267647 24000330
1132743741 186404526 24000336
1132886803 186547588 24000338
1133023716 186684501 24000331
1133477863 187138648 24000336
1133757862 187418647 24000331
1133888502 187549287 24000337
1134180930 187841715 24000334
1134317771 187978556 24000333
1134454667 188115452 24000338
1134597758 188258543 24000330
1134859064 188519849 24000336
1135051920 188712705 24000331
1135250968 188911753 24000334
1135524724 189185509 24000332
1135680236 189341021 24000336
1135873124 189533909 24000332
1136414362 190075147 24000336
1136569892 190230677 24000328
1136768941 190429726 24000334
1136918278 190579063 24000329
1137080029 190740814 24000336
1137229338 190890123 24000338
1137378618 191039403 24000330
1137509282 191170067 24000337
1137658583 191319368 24000329
1137795419 191456204 24000336
1138000733 191661518 24000329
1138137583 191798368 24000339
1138349109 192009894 24000330
1138498418 192159203 24000329
1138747260 192408045 24000338
1138771577 192432362 0
1138771645 192432430 24000338
1139213795 192874580 24000333
1139400411 193061196 24000337
1139549726 193210511 24000331
1139723897 193384682 24000337
1139866996 193527781 24000339
1140016293 193677078 24000335
1140165571 193826356 24000333
1140296221 193957006 24000338
1140433081 194093866 24000332
1140563692 194224477 24000339
1140781431 194442216 24000335
1140912029 194572814 24000339
1141061351 194722136 24000331
1141191994 194852779 24000330
1141366170 195026955 24000335
1141633645 195294430 24000333
1141770474 195431259 24000330
1141919764 195580549 24000336
1142069078 195729863 24000338
1142286788 195947573 24000333
1142423622 196084407 24000338
1142660009 196320794 24000334
1142921258 196582043 24000330
1143070552 196731337 24000336
1143207386 196868171 24000338
1143338023 196998808 24000332
1143543274 197204059 24000337
1143848091 197508876 24000334
1143997374 197658159 24000338
1144152883 197813668 24000332
1144302143 197962928 24000337
1144513651 198174436 24000332
1144656721 198317506 24000336
1145309800 198970585 24000332
1145670604 199331389 24000337
1145807409 199468194 24000331
1145962940 199623725 24000337
1146093567 199754352 24000330
1146224171 199884956 24000337
1146379688 200040473 24000332
1146522747 200183532 24000338
1146672016 200332801 24000333
1146808862 200469647 24000339
1146951924 200612709 24000331
1147113650 200774435 24000338
1147343767 201004552 24000334
1147474402 201135187 24000339
1147605019 201265804 24000332
1147791626 201452411 24000338
1147934653 201595438 24000332
1147953344 201614129 24000334
1148102588 201763373 24000328
1148251874 201912659 24000336
1148438459 202099244 24000330
1148581543 202242328 24000337
1148836554 202497339 24000332
1148992054 202652839 24000336
1149141480 202802265 24000332
1149334144 202994929 24000336
1149483424 203144209 24000332
1149620231 203281016 24000339
1149781939 203442724 24000333
1149915379 203576164 24000339
1150055640 203716425 24000332
1150192465 203853250 24000338
1150354194 204014979 24000333
1150491032 204151817 24000330
1150640286 204301071 24000339
1150783348 204444133 24000343
1150926409 204587194 24000333
1150957491 204618276 24000334
1150976152 204636937 24000335
1151131636 204792421 24000333
1151268493 204929278 24000332
1151523504 205184289 24000337
1151660343 205321128 24000332
1151797157 205457942 24000333
1151940229 205601014 24000339
1152077048 205737833 24000331
1152213892 205874677 24000337
1152369392 206030177 24000332
1152506219 206167004 24000337
1152655463 206316248 24000332
1152804767 206465552 24000329
1152941601 206602386 24000335
1153084629 206745414 24000330
1153233910 206894695 24000336
1153395630 207056415 24000338
1153551122 207211907 24000331
1153694185 207354970 24000341
1153824772 207485557 24000333
1153955409 207616194 24000332
1154085984 207746769 24000337
1154303704 207964489 24000333
1154446873 208107658 24000337
1154583573 208244358 24000332
1154726637 208387422 24000337
1154869679 208530464 24000332
1155000297 208661082 24000337
1155143346 208804131 24000331
1155292613 208953398 24000336
1155504083 209164868 24000332
1155647132 209307917 24000337
1155796396 209457181 24000333
1155945638 209606423 24000336
1156144703 209805488 24000332
1156505429 210166214 24000335
1156692004 210352789 24000331
1156915914 210576699 24000337
1157021076 210681861 1063196603
1157021125 210681910 24000337
1157289068 210949853 24000340
1157438346 211099131 24000334
1157581398 211242183 24000329
1157711986 211372771 24000337
1157855043 211515828 24000332
1158035407 211696192 24000337
1158166022 211826807 24000330
1158296615 211957400 24000339
1158427331 212088116 24000333
1158620034 212280819 24000338
1158769303 212430088 24000332
1158906088 212566873 24000337
1159123802 212784587 24000333
1159273065 212933850 24000338
1159416077 213076862 24000332
1159546709 213207494 24000331
1159683532 213344317 24000336
1159944751 213605536 24000332
1160112671 213773456 24000338
1160311678 213972463 24000333
1160460948 214121733 24000338
1160603960 214264745 24000333
1160778106 214438891 24000331
1160914934 214575719 24000338
1161082854 214743639 24000332
1161213463 214874248 24000339
1161412474 215073259 24000332
1161704754 215365539 24000336
1161841588 215502373 24000338
1162226635 215887420 24000328
1164235896 217896681 24000337
1164403806 218064591 24000349
1164534422 218195207 24000350
1164820464 218481249 24000349
1165196358 218857143 24000333
1165386419 219047204 24000331
1165560544 219221329 24000330
1165771991 219432776 24000335
1165952336 219613121 24000332
1166201094 219861879 24000335
1166381436 220042221 24000332
1166561786 220222571 24000336
1166785676 220446461 24000332
1166997099 220657884 24000334
1167332921 220993706 24000331
1167513247 221174032 24000328
1167687369 221348154 24000335
1167777959 221438744 24000335
1168122697 221783482 24000333
1168321716 221982501 24000331
1168508282 222169067 24000335
1168775675 222436460 24000337
1169020938 222681723 24000333
1169210977 222871762 24000331
1169385103 223045888 24000329
1169671200 223331985 24000333
1169845322 223506107 24000337
1170019448 223680233 24000330
1170218423 223879208 24000334
1170865189 224525974 24000331
1171039314 224700099 24000337
1171468406 225129191 24000332
1171754443 225415228 24000333
1172059184 225719969 24000332
1172245718 225906503 24000336
1172438514 226099299 24000331
1172612643 226273428 24000336
1172817854 226478639 24000332
1172998182 226658967 24000335
1173222064 226882849 24000332
1173452151 227112936 24000335
1173644931 227305716 24000337
1173825272 227486057 24000330
1174036679 227697464 24000329
1174223261 227884046 24000340
1174409818 228070603 24000334
1174597306 228258091 1634613070
1174597307 228258092 24000334
1174759269 228420054 24086350
1174759271 228420056 1634613070
1174759273 228420058 24000334
1174944590 228605375 24000336
1175118700 228779485 24000330
1175305271 228966056 24000331
1175572686 229233471 24000334
1175827644 229488429 24000337
1176014190 229674975 24000331
1176300210 229960995 24000336
1176486772 230147557 24000331
1176673346 230334131 24000332
1176922084 230582869 24000335
1177214341 230875126 24000337
1177413316 231074101 24000335
1178044038 231704823 24000338
1178234146 231894931 24000333
1178426902 232087687 24000334
1178656996 232317781 24000333
1178831102 232491887 24000337
1179011424 232672209 24000332
1179229092 232889877 24000331
1179403204 233063989 24000336
1179589737 233250522 24000337
1179794969 233455754 24000331
1180043697 233704482 24000336
1180335955 233996740 24000332
1180522477 234183262 24000334
1180696582 234357367 24000330
1180870694 234531479 24000336
1181094585 234755370 24000331
1181305998 234966783 24000336
1181486338 235147123 24000338
1181735070 235395855 24000335
1181940263 235601048 24000334
1182263616 235924401 24000339
1182440359 236101144 24000332
1182618054 236278839 24000339
1182798366 236459151 24000333
1182972468 236633253 24000332
1183258532 236919317 24000336
1183612965 237273750 24000334
1183793295 237454080 24000333
1183967403 237628188 24000338
1184178825 237839610 24000333
1184352941 238013726 24000337
1184558137 238218922 24000334
1184781995 238442780 24000337
1185092867 238753652 24000334
1185266982 238927767 24000333
1185447330 239108115 24000331
1185621446 239282231 24000339
1185926112 239586897 24000335
1186112658 239773443 24000332
1186491985 240152770 24000336
1186690932 240351717 24000333
1186877493 240538278 24000337
1187070272 240731057 24000333
1187300326 240961111 24000337
1187772914 241433699 24000334
1188083821 241744606 24000336
1188500441 242161226 24000333
1188730476 242391261 24000336
1188904592 242565377 24000333
1189091152 242751937 24000332
1189265253 242926038 24000340
1189441999 243102784 24000341
1189638318 243299103 24000332
1189936792 243597577 24000337
1190117109 243777894 24000333
1190595891 244256676 24000336
1190785038 244445823 24000337
1190993819 244654604 24000332
1191192816 244853601 24000336
1191373138 245033923 24000332
1191572108 245232893 24000335
1191752408 245413193 24000338
1191938936 245599721 24000334
1192113046 245773831 24000333
1192320859 245981644 24000336
1192510983 246171768 24000332
1192691286 246352071 24000331
1192986138 246646923 24000333
1193182513 246843298 24000335
1193356602 247017387 24000332
1193561809 247222594 24000329
1193742123 247402908 24000335
1193916217 247577002 24000336
1194127595 247788380 24000333
1194301695 247962480 24000328
1194587735 248248520 24000332
1194799107 248459892 24000328
1194973199 248633984 24000336
1194991887 248652672 24000335
1195209493 248870278 24000336
1195451997 249112782 24000331
1195638504 249299289 24000337
1195818805 249479590 24000332
1195992903 249653688 24000336
1196341114 250001899 24000333
1196527649 250188434 24000330
1196832283 250493068 24000328
1197006382 250667167 24000335
1197180485 250841270 24000333
1197441638 251102423 24000335
1197615737 251276522 24000332
1197796045 251456830 24000330
1198019846 251680631 24000335
1198225054 251885839 24000334
1198262336 251923121 24000336
1198448875 252109660 24000330
1198647847 252308632 24000328
1198828158 252488943 24000335
1199020878 252681663 24000334
1199257169 252917954 24000332
1199443668 253104453 24000337
1199630208 253290993 24000331
1199804311 253465096 24000330
1200009500 253670285 24000336
1200289258 253950043 24000332
1200494465 254155250 24000335
1200674768 254335553 24000329
1200848859 254509644 24000337
1201035382 254696167 24000336
1201209463 254870248 24000332
1201402204 255062989 24000331
1201594971 255255756 24000334
1201818761 255479546 24000330
1202026578 255687363 24000335
1202216714 255877499 24000331
1202390795 256051580 24000330
1202564877 256225662 24000337
1202745172 256405957 24000336
1202919266 256580051 24000332
1203099595 256760380 24000336
1203286121 256946906 24000337
1203460208 257120993 24000332
1203721341 257382126 24000336
1203994897 257655682 24000334
1204168977 257829762 24000332
1204367951 258028736 24000336
1204560695 258221480 24000331
1204734782 258395567 24000329
1204908871 258569656 24000337
1205163782 258824567 24000336
1205356498 259017283 24000337
1205586564 259247349 24000333
1205928522 259589307 24000336
1206108809 259769594 24000338
1206295314 259956099 24000332
1206488089 260148874 24000330
1206786504 260447289 24000334
1206960581 260621366 24000338
1207259033 260919818 24000333
1207464188 261124973 24000336
1207656938 261317723 24000332
1207930512 261591297 24000337
1208123242 261784027 24000333
1208365720 262026505 24000330
1208546022 262206807 24000334
1208720102 262380887 24000330
1208906593 262567378 24000335
1209105576 262766361 24000331
1209279658 262940443 24000329
1209472391 263133176 24000335
1209683770 263344555 24000330
1210094085 263754870 24000333
1210311722 263972507 24000335
1210622585 264283370 24000333
1210802885 264463670 24000337
1210976964 264637749 24000331
1211206993 264867778 24000336
1211381085 265041870 24000331
1211644804 265305589 24000336
1211825178 265485963 24000339
1212077407 265738192 24000332
1212288760 265949545 24000338
1212462843 266123628 24000334
1212636934 266297719 24000333
1212823474 266484259 24000338
1213146747 266807532 24000335
1213476245 267137030 24000332
1213954989 267615774 24000329
1214147695 267808480 24000335
1214321784 267982569 24000334
1214719692 268380477 24000336
1214912402 268573187 24000338
1215086490 268747275 24000332
1215266808 268927593 24000337
1215515486 269176271 24000333
1215702007 269362792 24000331
1215932028 269592813 24000337
1216168265 269829050 24000332
1216559967 270220752 24000335
1216752680 270413465 24000332
1217044908 270705693 24000335
1217225201 270885986 24000331
1217424139 271084924 24000337
1217911778 271572563 24000334
1218089371 271750156 24000330
1218331834 271992619 24000334
1218524554 272185339 24000335
1218717278 272378063 24000334
1218997070 272657855 24000338
1219196004 272856789 24000333
1219382488 273043273 24000329
1219556568 273217353 24000332
1220066374 273727159 24000335
1220271555 273932340 24000333
1220448296 274109081 24000338
1220787568 274448353 24000335
1221061098 274721883 24000332
1221241378 274902163 24000331
1221440362 275101147 24000337
1221720125 275380910 24000331
1221900409 275561194 24000334
1222086894 275747679 24000336
1222260973 275921758 24000338
1222435058 276095843 24000332
1222652663 276313448 24000333
1222832941 276493726 24000330
1223168660 276829445 24000334
1223386273 277047058 24000327
1223572777 277233562 24000328
1223833887 277494672 24000334
1224007959 277668744 24000339
1224138514 277799299 24000337
1224306370 277967155 24000334
1224436913 278097698 24000337
1224741552 278402337 24000330
1224872078 278532863 24000338
#1540899230.000000
